{
 "cells": [
  {
   "cell_type": "markdown",
   "id": "9678acf1-2593-4085-89fe-c0140d627e03",
   "metadata": {},
   "source": [
    "Problem 4.2"
   ]
  },
  {
   "cell_type": "code",
   "execution_count": 1,
   "id": "47d55340-8a9d-4c6a-b1a7-08ea7b0dfa6e",
   "metadata": {},
   "outputs": [
    {
     "name": "stdout",
     "output_type": "stream",
     "text": [
      "Matrix 1\n",
      "[[-6  3 -6]\n",
      " [-4  8  2]\n",
      " [ 5 -3 -3]]\n",
      "\n",
      "Matrix 2\n",
      "[[-9  6  3]\n",
      " [ 2  8 -6]\n",
      " [-4  1  0]]\n",
      "\n",
      "Matrix 3\n",
      "[[  8  10  -5]\n",
      " [ -1   3 -10]\n",
      " [ -3  -1  -8]]\n"
     ]
    }
   ],
   "source": [
    "import numpy as np\n",
    "np.set_printoptions(precision=3, suppress=True)\n",
    "\n",
    "#Create Matrix\n",
    "matrix1 = np.random.randint(-10, 11, size=(3, 3))\n",
    "matrix2 = np.random.randint(-10, 11, size=(3, 3))\n",
    "matrix3 = np.random.randint(-10, 11, size=(3, 3))\n",
    "\n",
    "print(\"Matrix 1\")\n",
    "print(matrix1)\n",
    "print(\"\\nMatrix 2\")\n",
    "print(matrix2)\n",
    "print(\"\\nMatrix 3\")\n",
    "print(matrix3)"
   ]
  },
  {
   "cell_type": "code",
   "execution_count": 2,
   "id": "7f53d9d6-60dc-41f1-8064-6bdfeb24d95b",
   "metadata": {},
   "outputs": [
    {
     "name": "stdout",
     "output_type": "stream",
     "text": [
      "\n",
      "Inverse of Matrix 1:\n",
      "[[-0.067  0.1    0.2  ]\n",
      " [-0.007  0.178  0.133]\n",
      " [-0.104 -0.011 -0.133]]\n",
      "\n",
      "Inverse of Matrix 2:\n",
      "[[ 0.031  0.016 -0.312]\n",
      " [ 0.125  0.063 -0.25 ]\n",
      " [ 0.177 -0.078 -0.438]]\n",
      "\n",
      "Inverse of Matrix 3:\n",
      "[[ 0.333 -0.833  0.833]\n",
      " [-0.216  0.775 -0.833]\n",
      " [-0.098  0.216 -0.333]]\n"
     ]
    }
   ],
   "source": [
    "#Inverse matrix\n",
    "inverse1 = np.linalg.inv(matrix1)\n",
    "inverse2 = np.linalg.inv(matrix2)\n",
    "inverse3 = np.linalg.inv(matrix3)\n",
    "\n",
    "print(\"\\nInverse of Matrix 1:\")\n",
    "print(inverse1)\n",
    "print(\"\\nInverse of Matrix 2:\")\n",
    "print(inverse2)\n",
    "print(\"\\nInverse of Matrix 3:\")\n",
    "print(inverse3)"
   ]
  },
  {
   "cell_type": "code",
   "execution_count": 3,
   "id": "fdcb7e57-86f8-4816-93c1-272242ef44b5",
   "metadata": {},
   "outputs": [
    {
     "name": "stdout",
     "output_type": "stream",
     "text": [
      "\n",
      "Identity Matrix 1\n",
      "[[1. 0. 0.]\n",
      " [0. 1. 0.]\n",
      " [0. 0. 1.]]\n",
      "\n",
      "Identity Matrix 2\n",
      "[[1. 0. 0.]\n",
      " [0. 1. 0.]\n",
      " [0. 0. 1.]]\n",
      "\n",
      "Identity Matrix 3\n",
      "[[1. 0. 0.]\n",
      " [0. 1. 0.]\n",
      " [0. 0. 1.]]\n"
     ]
    }
   ],
   "source": [
    "#Identity Matrix\n",
    "print(\"\\nIdentity Matrix 1\")\n",
    "print(np.abs(matrix1 @ inverse1))\n",
    "\n",
    "print(\"\\nIdentity Matrix 2\")\n",
    "print(np.abs(matrix2 @ inverse2))\n",
    "\n",
    "print(\"\\nIdentity Matrix 3\")\n",
    "print(np.abs(matrix3 @ inverse3))"
   ]
  }
 ],
 "metadata": {
  "kernelspec": {
   "display_name": "Python 3 (ipykernel)",
   "language": "python",
   "name": "python3"
  },
  "language_info": {
   "codemirror_mode": {
    "name": "ipython",
    "version": 3
   },
   "file_extension": ".py",
   "mimetype": "text/x-python",
   "name": "python",
   "nbconvert_exporter": "python",
   "pygments_lexer": "ipython3",
   "version": "3.12.4"
  }
 },
 "nbformat": 4,
 "nbformat_minor": 5
}
